Poll_Num,Time_Window,Pkt_Count,input_flows,completely_colliding_flows,non_colliding_flows,cells_occupied_epochend,purecell_count_before_decode,purecell_all_collision,collisions_by_allflows
1,1,85,44,0,44,176,176,164,164
1,2,217,109,0,104,431,426,432,437
1,3,660,358,0,330,1404,1376,1199,1236
1,4,989,494,0,445,1922,1869,1901,2034
1,5,1614,723,0,611,2771,2653,3401,3685
1,6,2209,956,0,762,3601,3385,4832,5235
1,7,2587,1110,0,844,4127,3829,5733,6200
1,8,2957,1257,0,928,4630,4260,6581,7185
1,9,3420,1421,0,1004,5181,4708,7711,8491
1,10,3864,1546,0,1058,5602,5059,8817,9844
1,11,6472,2308,2,1356,7986,6884,15082,17800
1,12,8664,2865,4,1513,9614,7967,20151,25042
1,13,9347,3088,8,1562,10123,8248,21620,26820
1,14,11631,3696,19,1664,11766,9198,26465,34666
1,15,13268,4014,29,1699,12549,9582,29904,40494
1,16,14420,4177,34,1713,12924,9742,32969,44676
1,17,15268,4310,37,1733,13235,9897,35141,47776
1,18,16578,4557,42,1764,13803,10157,38357,52357
1,19,17831,4886,60,1786,14485,10372,40938,56738
1,20,18318,5029,67,1799,14785,10467,41794,58455
1,21,18727,5122,71,1804,14972,10516,42580,59936
1,22,19486,5268,78,1812,15265,10614,44364,62641
1,23,20009,5381,84,1815,15475,10655,45576,64561
1,24,20761,5601,92,1829,15903,10770,46811,67135
1,25,21824,5887,108,1842,16436,10928,48654,70757
1,26,22609,6091,125,1848,16832,11017,49920,73580
1,27,22984,6186,128,1854,17015,11062,50468,74921
1,28,23963,6371,142,1866,17369,11164,51772,78470
2,1,1337,476,0,417,1818,1760,3447,3431
2,2,2153,778,0,638,2958,2807,5477,5654
2,3,3387,1152,0,874,4283,3971,8792,9262
2,4,4294,1429,0,1009,5206,4727,11110,11970
2,5,4976,1679,1,1126,6019,5365,12686,13877
2,6,6146,2043,1,1274,7162,6262,15476,17323
2,7,7074,2272,2,1351,7881,6796,17744,20369
2,8,7793,2460,2,1401,8433,7178,19618,22692
2,9,8600,2657,3,1446,8964,7516,21725,25320
2,10,9471,2886,5,1507,9626,7945,23966,28200
2,11,10718,3097,6,1560,10215,8321,27344,32625
2,12,11561,3253,7,1581,10616,8550,29405,35628
2,13,12123,3344,8,1601,10857,8694,30711,37635
2,14,12853,3447,11,1616,11101,8813,32351,40263
2,15,13751,3646,14,1645,11594,9075,34268,43352
2,16,14330,3754,17,1666,11875,9236,35452,45384
2,17,15063,3895,22,1682,12226,9403,36981,47979
2,18,15793,4053,29,1706,12605,9585,38447,50523
2,19,16814,4307,36,1734,13196,9847,40639,54011
2,20,17329,4448,38,1748,13530,10003,41672,55786
2,21,18021,4593,42,1763,13855,10144,43215,58229
2,22,19287,4912,61,1793,14535,10404,45517,62553
2,23,19831,5039,63,1801,14807,10526,46560,64440
2,24,20645,5206,71,1819,15170,10647,48277,67410
2,25,21730,5423,83,1832,15605,10799,50284,71274
2,26,22672,5579,98,1847,15921,10895,51905,74740
2,27,23528,5772,110,1862,16299,10993,53354,77813
2,28,25145,6176,129,1884,17080,11224,55792,83455
3,1,1194,515,0,445,1948,1878,2671,2718
3,2,2194,892,0,712,3365,3169,5107,5411
3,3,3042,1147,0,859,4258,3941,7216,7910
3,4,4386,1541,1,1060,5584,5051,10556,11918
3,5,5177,1790,1,1164,6389,5679,12388,14319
3,6,6096,2080,2,1272,7284,6352,14656,17070
3,7,7170,2394,2,1371,8233,7050,17216,20409
3,8,8202,2672,2,1447,9051,7619,19812,23713
3,9,8943,2881,4,1496,9651,8006,21486,26117
3,10,9700,3060,6,1546,10148,8339,23119,28567
3,11,10488,3240,9,1582,10638,8618,24920,31314
3,12,10805,3318,10,1595,10838,8733,25583,32357
3,13,11355,3424,11,1616,11130,8908,26869,34290
3,14,11824,3511,13,1634,11354,9033,27917,35942
3,15,12079,3559,14,1643,11469,9086,28485,36847
3,16,12449,3650,18,1657,11692,9198,29300,38104
3,17,13022,3779,22,1669,11987,9321,30740,40059
3,18,13559,3925,25,1688,12326,9476,31901,41838
3,19,13700,3960,25,1693,12425,9534,32209,42375
3,20,13798,3982,25,1697,12484,9577,32432,42700
3,21,13888,4004,25,1699,12540,9603,32658,43008
3,22,14009,4035,26,1702,12618,9645,32952,43412
3,23,14122,4062,28,1705,12678,9670,33187,43805
3,24,14241,4095,29,1710,12756,9704,33422,44202
3,25,14709,4194,31,1722,12985,9811,34513,45839
3,26,14830,4222,32,1728,13056,9850,34779,46260
3,27,14956,4251,33,1734,13133,9897,35045,46685
3,28,15255,4320,36,1743,13298,9975,35709,47717
4,1,147,85,0,83,334,332,239,248
4,2,785,403,0,358,1565,1519,1509,1575
4,3,792,408,0,361,1583,1535,1519,1585
4,4,792,408,0,361,1583,1535,1519,1585
4,5,792,408,0,361,1583,1535,1519,1585
4,6,792,408,0,361,1583,1535,1519,1585
4,7,856,446,0,392,1658,1608,1623,1659
4,8,1978,775,0,636,2942,2796,4767,4955
4,9,2328,891,0,719,3356,3175,5691,5932
4,10,2644,971,0,767,3650,3430,6615,6906
4,11,2973,1050,0,816,3927,3673,7500,7946
4,12,3552,1196,0,900,4439,4114,9016,9769
4,13,3880,1253,0,932,4639,4287,9894,10881
4,14,3880,1253,0,932,4639,4287,9894,10881
4,15,4251,1294,0,953,4777,4405,10945,12136
4,16,5398,1576,1,1104,5734,5200,13925,15805
4,17,7192,2106,2,1333,7447,6565,18627,21289
4,18,8204,2365,5,1427,8239,7135,21347,24577
4,19,9571,2720,8,1525,9245,7802,24765,28960
4,20,10441,2926,8,1557,9798,8111,26877,31960
4,21,10524,2947,8,1562,9863,8155,27046,32233
4,22,11022,3071,8,1596,10218,8396,28221,33862
4,23,11149,3094,8,1600,10277,8425,28581,34312
4,24,11638,3206,9,1615,10566,8583,29909,35971
4,25,11766,3232,9,1621,10629,8616,30263,36427
4,26,11892,3264,10,1630,10713,8662,30585,36846
4,27,12566,3401,12,1658,11082,8887,32351,39182
4,28,13392,3581,14,1692,11540,9140,34229,42028
5,1,508,278,0,256,1088,1064,893,944
5,2,1026,453,0,405,1755,1698,2198,2349
5,3,1538,629,0,537,2409,2304,3480,3743
5,4,2139,851,0,688,3216,3036,4977,5340
5,5,2533,979,0,767,3672,3441,5957,6460
5,6,3360,1217,0,902,4486,4142,8067,8832
5,7,3873,1393,0,1002,5104,4660,9261,10382
5,8,4002,1430,0,1024,5232,4775,9577,10771
5,9,4443,1550,0,1077,5612,5076,10633,12074
5,10,5177,1737,0,1149,6225,5550,12487,14483
5,11,5811,1890,0,1213,6718,5939,14167,16526
5,12,6333,2022,0,1257,7122,6234,15481,18210
5,13,6986,2195,0,1319,7632,6611,17114,20231
5,14,7648,2426,3,1390,8320,7079,18679,22242
5,15,8182,2586,6,1436,8783,7394,19945,23913
5,16,9012,2823,11,1488,9413,7776,22013,26577
5,17,9805,2961,12,1513,9789,7979,23908,29431
5,18,10692,3107,14,1541,10169,8190,25899,32599
5,19,11226,3230,16,1562,10491,8378,27026,34409
5,20,11352,3249,16,1565,10542,8407,27321,34860
5,21,11479,3279,18,1569,10609,8430,27587,35300
5,22,11647,3303,19,1574,10664,8459,27958,35821
5,23,11789,3333,19,1579,10752,8513,28235,36397
5,24,12216,3403,20,1595,10937,8619,29076,37923
5,25,12405,3430,20,1599,11007,8660,29483,38606
5,26,12706,3488,21,1607,11156,8742,30050,39668
5,27,12899,3529,22,1615,11254,8791,30439,40335
5,28,13662,3658,25,1635,11572,8960,31995,42981
6,1,1115,321,0,294,1256,1228,3149,3204
6,2,1751,518,0,453,2003,1935,4874,5001
6,3,2323,717,0,592,2730,2595,6377,6557
6,4,2458,751,0,616,2851,2705,6783,6975
6,5,2587,790,0,646,2997,2840,7111,7345
6,6,2719,832,0,672,3149,2975,7433,7719
6,7,2847,878,0,703,3314,3122,7748,8070
6,8,2974,928,0,731,3492,3280,8040,8398
6,9,3233,1032,0,796,3859,3603,8640,9069
6,10,3380,1068,0,816,3981,3706,9048,9433
6,11,3836,1197,1,885,4423,4071,10320,10914
6,12,3963,1245,1,907,4580,4198,10642,11268
6,13,4466,1415,2,994,5136,4663,11945,12650
6,14,4593,1457,2,1012,5301,4797,12273,13063
6,15,4721,1482,2,1026,5387,4869,12653,13492
6,16,4848,1524,2,1051,5530,4993,12946,13859
6,17,5026,1584,2,1085,5738,5173,13334,14362
6,18,5424,1732,2,1154,6227,5570,14239,15464
6,19,5553,1770,2,1171,6356,5676,14566,15849
6,20,5681,1817,2,1190,6504,5786,14886,16216
6,21,5806,1851,2,1200,6606,5860,15225,16618
6,22,6315,2003,2,1261,7090,6237,16523,18167
6,23,6442,2046,2,1279,7225,6337,16841,18536
6,24,6571,2068,2,1287,7295,6390,17205,18986
6,25,6703,2082,2,1292,7334,6414,17576,19472
6,26,6832,2093,2,1296,7369,6440,17971,19959
6,27,7226,2163,2,1317,7568,6572,19000,21329
6,28,7389,2206,3,1332,7702,6672,19366,21847
7,1,371,117,0,114,462,459,1019,1018
7,2,555,173,0,168,663,658,1498,1480
7,3,836,260,0,248,1019,1006,2218,2317
7,4,970,305,0,284,1198,1176,2579,2680
7,5,1465,523,0,465,2031,1971,3700,3824
7,6,1581,554,0,487,2146,2078,4006,4178
7,7,1581,554,0,487,2146,2078,4006,4178
7,8,1581,554,0,487,2146,2078,4006,4178
7,9,2481,836,0,696,3170,3025,6299,6683
7,10,2947,952,0,759,3595,3393,7478,8193
7,11,3398,1128,0,865,4207,3921,8519,9368
7,12,4090,1308,0,955,4817,4425,10388,11543
7,13,5047,1532,0,1059,5557,5021,12811,14624
7,14,6511,1961,1,1233,6903,6063,16382,19027
7,15,7723,2300,2,1344,7953,6825,18994,22939
7,16,8747,2604,4,1425,8835,7426,21185,26153
7,17,10732,3155,9,1546,10358,8384,25352,32538
7,18,12258,3481,16,1606,11215,8880,28325,37787
7,19,13733,3830,19,1653,12090,9336,31048,42842
7,20,15383,4169,28,1705,12922,9786,34190,48610
7,21,16721,4413,41,1726,13459,10004,36752,53425
7,22,18502,4746,49,1753,14182,10276,40093,59826
7,23,20236,5086,69,1782,14905,10530,43237,66039
7,24,21503,5366,86,1798,15475,10716,45546,70537
7,25,22719,5614,109,1816,15960,10879,47623,74799
7,26,23999,5873,120,1831,16510,11071,49703,79486
7,27,25222,6096,143,1843,16929,11195,51704,83959
7,28,26105,6244,154,1854,17203,11276,52958,87106
8,1,660,265,0,248,1043,1027,1590,1597
8,2,660,265,0,248,1043,1027,1590,1597
8,3,660,265,0,248,1043,1027,1590,1597
8,4,660,265,0,248,1043,1027,1590,1597
8,5,660,265,0,248,1043,1027,1590,1597
8,6,660,265,0,248,1043,1027,1590,1597
8,7,660,265,0,248,1043,1027,1590,1597
8,8,660,265,0,248,1043,1027,1590,1597
8,9,660,265,0,248,1043,1027,1590,1597
8,10,660,265,0,248,1043,1027,1590,1597
8,11,660,265,0,248,1043,1027,1590,1597
8,12,660,265,0,248,1043,1027,1590,1597
8,13,660,265,0,248,1043,1027,1590,1597
8,14,660,265,0,248,1043,1027,1590,1597
8,15,660,265,0,248,1043,1027,1590,1597
8,16,660,265,0,248,1043,1027,1590,1597
8,17,660,265,0,248,1043,1027,1590,1597
8,18,660,265,0,248,1043,1027,1590,1597
8,19,660,265,0,248,1043,1027,1590,1597
8,20,660,265,0,248,1043,1027,1590,1597
8,21,660,265,0,248,1043,1027,1590,1597
8,22,660,265,0,248,1043,1027,1590,1597
8,23,660,265,0,248,1043,1027,1590,1597
8,24,660,265,0,248,1043,1027,1590,1597
8,25,660,265,0,248,1043,1027,1590,1597
8,26,660,265,0,248,1043,1027,1590,1597
8,27,660,265,0,248,1043,1027,1590,1597
8,28,660,265,0,248,1043,1027,1590,1597
